4498.23836428755  2.551993E-17
4502.78836554492  1.954577E-17
4507.33836680229  6.416529E-18
4511.88836805966  2.652688E-17
4516.43836931703  9.452108E-18
4520.9883705744  1.441162E-17
4525.53837183176  1.852268E-17
4530.08837308913  1.863952E-17
4534.6383743465  2.480746E-17
4539.18837560387  2.087845E-17
4543.73837686124  2.892627E-17
4548.28837811861  1.894209E-17
4552.83837937598  1.373186E-17
4557.38838063334  2.164294E-17
4561.93838189071  3.016353E-17
4566.48838314808  1.901017E-17
4571.03838440545  1.880762E-17
4575.58838566282  2.241379E-17
4580.13838692019  1.915989E-17
4584.68838817756  2.949933E-17
4589.23838943492  3.292333E-17
4593.78839069229  4.017262E-17
4598.33839194966  3.258819E-17
4602.88839320703  3.261187E-17
4607.4383944644  2.313334E-17
4611.98839572177  3.154306E-17
4616.53839697914  2.958483E-17
4621.0883982365  3.531915E-17
4625.63839949387  2.243554E-17
4630.18840075124  2.464442E-17
4634.73840200861  2.973685E-17
4639.28840326598  2.774105E-17
4643.83840452335  4.223720E-17
4648.38840578072  3.718809E-17
4652.93840703808  3.100635E-17
4657.48840829545  3.059263E-17
4662.03840955282  3.373372E-17
4666.58841081019  3.043988E-17
4671.13841206756  3.468954E-17
4675.68841332493  3.273906E-17
4680.2384145823  3.250393E-17
4684.78841583967  2.927895E-17
4689.33841709703  3.480542E-17
4693.8884183544  4.455478E-17
4698.43841961177  3.644992E-17
4702.98842086914  4.159997E-17
4707.53842212651  4.148322E-17
4712.08842338388  3.554394E-17
4716.63842464124  3.797101E-17
4721.18842589861  3.397556E-17
4725.73842715598  3.299104E-17
4730.28842841335  3.885569E-17
4734.83842967072  3.430918E-17
4739.38843092809  3.334029E-17
4743.93843218546  3.704350E-17
4748.48843344282  3.283333E-17
4753.03843470019  2.971105E-17
4757.58843595756  3.944822E-17
4762.13843721493  3.366771E-17
4766.6884384723  3.051508E-17
4771.23843972967  2.814565E-17
4775.78844098704  2.303438E-17
4780.33844224441  2.327890E-17
4784.88844350177  2.270544E-17
4789.43844475914  2.482243E-17
4793.98844601651  2.845751E-17
4798.53844727388  2.669938E-17
4803.08844853125  3.370637E-17
4807.63844978862  3.187249E-17
4812.18845104599  2.711456E-17
4816.73845230335  2.408743E-17
4821.28845356072  2.749099E-17
4825.83845481809  3.047116E-17
4830.38845607546  2.700887E-17
4834.93845733283  3.159544E-17
4839.4884585902  2.942413E-17
4844.03845984757  2.513576E-17
4848.58846110494  2.519992E-17
4853.1384623623  2.931503E-17
4857.68846361967  2.301203E-17
4862.23846487704  2.390316E-17
4866.78846613441  2.468295E-17
4871.33846739178  2.705020E-17
4875.88846864915  2.621294E-17
4880.43846990652  2.167224E-17
4884.98847116388  2.022452E-17
4889.53847242125  2.915344E-17
4894.08847367862  2.910361E-17
4898.63847493599  2.521448E-17
4903.18847619336  2.019503E-17
4907.73847745073  2.559441E-17
4912.28847870809  3.356800E-17
4916.83847996547  2.925906E-17
4921.38848122283  2.790383E-17
4925.9384824802  3.562872E-17
4930.48848373757  3.731649E-17
4935.03848499494  3.592414E-17
4939.58848625231  3.626470E-17
4944.13848750967  2.799916E-17
4948.68848876704  3.132686E-17
4953.23849002441  3.069612E-17
4957.78849128178  3.128519E-17
4962.33849253915  3.023096E-17
4966.88849379652  2.619886E-17
4971.43849505389  2.877144E-17
4975.98849631126  2.911737E-17
4980.53849756862  2.673920E-17
4985.08849882599  2.982217E-17
4989.63850008336  2.649678E-17
4994.18850134073  2.426567E-17
4998.7385025981  2.624971E-17
5003.28850385547  2.230720E-17
5007.83850511284  2.906729E-17
5012.38850637021  3.218410E-17
5016.93850762757  2.610136E-17
5021.48850888494  3.074507E-17
5026.03851014231  3.393992E-17
5030.58851139968  2.599840E-17
5035.13851265705  3.571877E-17
5039.68851391442  2.406928E-17
5044.23851517178  -1.067990E-17
5048.78851642915  1.875954E-17
5053.33851768652  3.357712E-17
5057.88851894389  3.137343E-17
5062.43852020126  3.073789E-17
5066.98852145863  2.711707E-17
5071.538522716  2.858086E-17
5076.08852397336  3.220310E-17
5080.63852523073  2.944738E-17
5085.1885264881  2.797068E-17
5089.73852774547  3.474466E-17
5094.28852900284  3.387606E-17
5098.83853026021  2.808449E-17
5103.38853151758  2.340245E-17
5107.93853277495  2.738508E-17
5112.48853403231  2.860681E-17
5117.03853528968  2.266304E-17
5121.58853654705  1.977476E-17
5126.13853780442  1.709335E-17
5130.68853906179  2.058726E-17
5135.23854031916  2.808046E-17
5139.78854157652  2.383473E-17
5144.33854283389  1.643950E-17
5148.88854409126  2.465784E-17
5153.43854534863  2.520519E-17
5157.988546606  2.182441E-17
5162.53854786337  2.287162E-17
5167.08854912074  2.628506E-17
5171.63855037811  2.774933E-17
5176.18855163547  2.657656E-17
5180.73855289284  2.447039E-17
5185.28855415021  2.148819E-17
5189.83855540758  2.522216E-17
5194.38855666495  2.710076E-17
5198.93855792232  2.553417E-17
5203.48855917969  3.207508E-17
5208.03856043705  3.231191E-17
5212.58856169442  3.153975E-17
5217.13856295179  3.280350E-17
5221.68856420916  2.667408E-17
5226.23856546653  2.939258E-17
5230.7885667239  2.884430E-17
5235.33856798127  3.313884E-17
5239.88856923863  2.773546E-17
5244.438570496  2.941453E-17
5248.98857175337  3.465778E-17
5253.53857301074  3.301960E-17
5258.08857426811  3.243917E-17
5262.63857552548  3.102911E-17
5267.18857678285  2.587971E-17
5271.73857804022  3.110534E-17
5276.28857929758  2.938820E-17
5280.83858055495  2.701621E-17
5285.38858181232  3.170982E-17
5289.93858306969  2.902766E-17
5294.48858432706  2.662790E-17
5299.03858558443  3.675254E-17
5303.5885868418  2.932789E-17
5308.13858809916  3.048994E-17
5312.68858935653  3.593176E-17
5317.2385906139  3.070750E-17
5321.78859187127  2.462230E-17
5326.33859312864  3.190717E-17
5330.88859438601  3.092857E-17
5335.43859564338  3.455497E-17
5339.98859690074  3.306955E-17
5344.53859815811  3.365283E-17
5349.08859941548  3.584284E-17
5353.63860067285  3.432416E-17
5358.18860193022  3.494856E-17
5362.73860318759  3.572390E-17
5367.28860444496  3.103109E-17
5371.83860570232  3.676339E-17
5376.38860695969  3.879670E-17
5380.93860821706  3.671209E-17
5385.48860947443  3.650451E-17
5390.0386107318  3.328897E-17
5394.58861198917  3.267908E-17
5399.13861324654  3.819520E-17
5403.6886145039  3.667575E-17
5408.23861576127  3.511629E-17
5412.78861701864  3.926001E-17
5417.33861827601  3.607143E-17
5421.88861953338  3.542997E-17
5426.43862079075  3.199219E-17
5430.98862204812  3.146701E-17
5435.53862330549  3.373843E-17
5440.08862456285  3.475775E-17
5444.63862582022  3.775383E-17
5449.18862707759  3.311892E-17
5453.73862833496  3.176660E-17
5458.28862959233  3.540431E-17
5462.8386308497  3.871574E-17
5467.38863210706  3.663120E-17
5471.93863336443  3.342543E-17
5476.4886346218  3.414182E-17
5481.03863587917  3.653498E-17
5485.58863713654  3.199409E-17
5490.13863839391  3.680248E-17
5494.68863965128  3.695363E-17
5499.23864090865  3.469840E-17
5503.78864216601  3.277973E-17
5508.33864342338  3.555268E-17
5512.88864468075  3.734744E-17
5517.43864593812  3.664590E-17
5521.98864719549  3.694876E-17
5526.53864845286  3.860779E-17
5531.08864971023  3.731073E-17
5535.63865096759  3.714916E-17
5540.18865222496  3.744789E-17
5544.73865348233  4.123481E-17
5549.2886547397  4.582724E-17
5553.83865599707  4.255683E-17
5558.38865725444  4.166842E-17
5562.93865851181  3.963602E-17
5567.48865976917  3.616778E-17
5572.03866102654  4.253002E-17
5576.58866228391  3.156353E-17
5581.13866354128  3.128220E-17
5585.68866479865  3.725162E-17
5590.23866605602  4.349799E-17
5594.78866731339  4.574821E-17
5599.33866857075  4.174785E-17
5603.88866982812  4.103933E-17
5608.43867108549  4.026528E-17
5612.98867234286  4.118645E-17
5617.53867360023  4.027523E-17
5622.0886748576  4.352303E-17
5626.63867611497  3.286236E-17
5631.18867737233  3.604794E-17
5635.7386786297  3.773615E-17
5640.28867988707  3.913920E-17
5644.83868114444  3.729219E-17
5649.38868240181  3.484497E-17
5653.93868365918  3.592054E-17
5658.48868491655  3.586844E-17
5663.03868617392  3.677241E-17
5667.58868743128  3.813894E-17
5672.13868868865  3.937584E-17
5676.68868994602  3.464310E-17
5681.23869120339  3.469351E-17
5685.78869246076  3.805184E-17
5690.33869371813  3.494210E-17
5694.8886949755  3.324327E-17
5699.43869623286  3.190240E-17
5703.98869749023  3.548194E-17
5708.5386987476  3.575571E-17
5713.08870000497  3.265783E-17
5717.63870126234  3.652696E-17
5722.18870251971  3.826140E-17
5726.73870377708  3.553662E-17
5731.28870503444  3.536511E-17
5735.83870629181  3.249801E-17
5740.38870754918  3.362127E-17
5744.93870880655  3.291941E-17
5749.48871006392  2.921076E-17
5754.03871132129  2.731751E-17
5758.58871257866  3.008665E-17
5763.13871383602  3.492529E-17
5767.68871509339  3.466122E-17
5772.23871635076  3.141975E-17
5776.78871760813  3.036008E-17
5781.3387188655  3.204127E-17
5785.88872012287  2.890280E-17
5790.43872138024  2.925219E-17
5794.9887226376  3.075312E-17
5799.53872389497  2.839584E-17
5804.08872515234  3.122841E-17
5808.63872640971  2.613789E-17
5813.18872766708  2.586000E-17
5817.73872892445  2.709963E-17
5822.28873018182  2.698379E-17
5826.83873143918  2.587280E-17
5831.38873269655  2.602838E-17
5835.93873395392  2.572692E-17
5840.48873521129  2.752028E-17
5845.03873646866  2.426394E-17
5849.58873772603  2.173298E-17
5854.1387389834  2.311286E-17
5858.68874024076  2.433811E-17
5863.23874149813  2.341285E-17
5867.7887427555  2.368739E-17
5872.33874401287  2.941033E-17
5876.88874527024  2.525652E-17
5881.43874652761  2.503673E-17
5885.98874778498  2.723988E-17
5890.53874904234  2.031549E-17
5895.08875029971  2.390302E-17
5899.63875155708  3.260022E-17
5904.18875281445  3.007735E-17
5908.73875407182  2.695736E-17
5913.28875532919  2.646916E-17
5917.83875658656  3.319411E-17
5922.38875784392  3.048987E-17
5926.93875910129  3.155040E-17
5931.48876035866  3.573776E-17
5936.03876161603  3.400962E-17
5940.5887628734  2.984242E-17
5945.13876413077  3.268371E-17
5949.68876538814  3.461346E-17
5954.2387666455  3.862725E-17
5958.78876790287  3.659081E-17
5963.33876916024  3.408648E-17
5967.88877041761  3.240073E-17
5972.43877167498  3.703231E-17
5976.98877293235  3.565741E-17
5981.53877418972  3.414314E-17
5986.08877544709  3.559632E-17
5990.63877670445  3.737147E-17
5995.18877796182  3.203098E-17
5999.73877921919  3.286064E-17
6004.28878047656  3.653749E-17
6008.83878173393  3.667409E-17
6013.3887829913  3.742890E-17
6017.93878424867  3.619400E-17
6022.48878550603  3.419897E-17
6027.0387867634  3.035267E-17
6031.58878802077  3.274607E-17
6036.13878927814  3.370724E-17
6040.68879053551  3.371897E-17
6045.23879179288  3.782778E-17
6049.78879305025  3.648980E-17
6054.33879430761  3.613040E-17
6058.88879556498  3.821222E-17
6063.43879682235  3.500335E-17
6067.98879807972  3.301431E-17
6072.53879933709  3.314753E-17
6077.08880059446  3.472212E-17
6081.63880185183  3.499285E-17
6086.18880310919  3.588491E-17
6090.73880436656  3.730402E-17
6095.28880562393  3.577249E-17
6099.8388068813  3.257874E-17
6104.38880813867  3.171575E-17
6108.93880939604  3.638467E-17
6113.48881065341  3.449911E-17
6118.03881191077  3.178787E-17
6122.58881316814  3.433121E-17
6127.13881442551  3.242476E-17
6131.68881568288  3.134253E-17
6136.23881694025  3.099203E-17
6140.78881819762  2.674942E-17
6145.33881945499  2.960427E-17
6149.88882071236  3.012523E-17
6154.43882196972  2.786253E-17
6158.98882322709  2.742191E-17
6163.53882448446  3.330170E-17
6168.08882574183  3.424399E-17
6172.6388269992  2.985445E-17
6177.18882825657  2.673114E-17
6181.73882951393  2.997172E-17
6186.2888307713  3.150909E-17
6190.83883202867  3.013558E-17
6195.38883328604  2.972332E-17
6199.93883454341  3.115240E-17
6204.48883580078  3.035215E-17
6209.03883705815  3.239618E-17
6213.58883831552  3.433843E-17
6218.13883957288  3.602625E-17
6222.68884083025  3.604368E-17
6227.23884208762  3.474031E-17
6231.78884334499  3.464870E-17
6236.33884460236  3.397030E-17
6240.88884585973  3.487200E-17
6245.4388471171  3.339924E-17
6249.98884837446  3.410390E-17
6254.53884963183  3.527714E-17
6259.0888508892  3.664225E-17
6263.63885214657  3.364461E-17
6268.18885340394  3.280152E-17
6272.73885466131  3.437433E-17
6277.28885591868  3.405781E-17
6281.83885717604  3.035879E-17
6286.38885843341  3.048395E-17
6290.93885969078  2.969415E-17
6295.48886094815  3.613844E-17
6300.03886220552  3.733070E-17
6304.58886346289  3.167510E-17
6309.13886472026  2.965682E-17
6313.68886597762  3.244610E-17
6318.23886723499  3.890349E-17
6322.78886849236  3.883448E-17
6327.33886974973  3.854503E-17
6331.8888710071  4.188082E-17
6336.43887226447  3.402813E-17
6340.98887352184  3.516407E-17
6345.5388747792  3.987850E-17
6350.08887603657  3.399967E-17
6354.63887729394  3.113913E-17
6359.18887855131  3.596838E-17
6363.73887980868  3.452357E-17
6368.28888106605  3.288764E-17
6372.83888232342  3.729448E-17
6377.38888358079  3.580040E-17
6381.93888483815  3.416663E-17
6386.48888609552  3.740436E-17
6391.03888735289  4.005676E-17
6395.58888861026  3.440621E-17
6400.13888986763  3.189663E-17
6404.688891125  3.333962E-17
6409.23889238237  3.337991E-17
6413.78889363973  3.012148E-17
6418.3388948971  3.356979E-17
6422.88889615447  3.585551E-17
6427.43889741184  3.277597E-17
6431.98889866921  3.433397E-17
6436.53889992658  3.115000E-17
6441.08890118395  3.009097E-17
6445.63890244131  3.444740E-17
6450.18890369868  3.172529E-17
6454.73890495605  3.222152E-17
6459.28890621342  3.300696E-17
6463.83890747079  3.121460E-17
6468.38890872816  2.916432E-17
6472.93890998553  3.044372E-17
6477.48891124289  3.357364E-17
6482.03891250026  3.171242E-17
6486.58891375763  2.844979E-17
6491.138915015  2.747119E-17
6495.68891627237  3.041561E-17
6500.23891752974  2.811416E-17
6504.7889187871  2.854422E-17
6509.33892004447  2.937623E-17
6513.88892130184  3.036359E-17
6518.43892255921  3.395859E-17
6522.98892381658  3.465190E-17
6527.53892507395  3.373273E-17
6532.08892633132  3.556441E-17
6536.63892758869  3.548032E-17
6541.18892884606  3.325041E-17
6545.73893010342  3.282771E-17
6550.28893136079  3.452094E-17
6554.83893261816  3.402010E-17
6559.38893387553  3.558918E-17
6563.9389351329  3.733077E-17
6568.48893639027  3.227712E-17
6573.03893764763  3.412091E-17
6577.588938905  3.524896E-17
6582.13894016237  3.409669E-17
6586.68894141974  3.276090E-17
6591.23894267711  2.887173E-17
6595.78894393448  3.539246E-17
6600.33894519185  3.850019E-17
6604.88894644921  3.405651E-17
6609.43894770658  3.401868E-17
6613.98894896395  3.284327E-17
6618.53895022132  3.024880E-17
6623.08895147869  3.164700E-17
6627.63895273606  3.312001E-17
6632.18895399343  3.301532E-17
6636.73895525079  3.096181E-17
6641.28895650816  3.118826E-17
6645.83895776553  3.162651E-17
6650.3889590229  3.299337E-17
6654.93896028027  3.553370E-17
6659.48896153764  3.142105E-17
6664.03896279501  3.373741E-17
6668.58896405238  3.319575E-17
6673.13896530974  3.431600E-17
6677.68896656711  3.651676E-17
6682.23896782448  3.691079E-17
6686.78896908185  3.256219E-17
6691.33897033922  3.135722E-17
6695.88897159659  3.765406E-17
6700.43897285396  3.534979E-17
6704.98897411132  2.855344E-17
6709.53897536869  2.961503E-17
6714.08897662606  3.042619E-17
6718.63897788343  3.308329E-17
6723.1889791408  3.179306E-17
6727.73898039817  3.060266E-17
6732.28898165554  2.941773E-17
6736.8389829129  3.113928E-17
6741.38898417027  3.025035E-17
6745.93898542764  3.155163E-17
6750.48898668501  3.012715E-17
6755.03898794238  2.959386E-17
6759.58898919975  2.739312E-17
6764.13899045712  2.639776E-17
6768.68899171448  2.707040E-17
6773.23899297185  2.653398E-17
6777.78899422922  2.610036E-17
6782.33899548659  2.863512E-17
6786.88899674396  2.435783E-17
6791.43899800133  2.342224E-17
6795.9889992587  2.292936E-17
6800.53900051607  2.370667E-17
6805.08900177343  2.663814E-17
6809.6390030308  2.882225E-17
6814.18900428817  2.831706E-17
6818.73900554554  2.722138E-17
6823.28900680291  2.863071E-17
6827.83900806028  2.432603E-17
6832.38900931764  2.605263E-17
6836.93901057501  2.752481E-17
6841.48901183238  2.713942E-17
6846.03901308975  2.938573E-17
6850.58901434712  2.583178E-17
6855.13901560449  2.509190E-17
6859.68901686186  2.238635E-17
6864.23901811923  1.999174E-17
6868.78901937659  1.768270E-17
6873.33902063396  1.453406E-17
6877.88902189133  2.224466E-17
6882.4390231487  2.647414E-17
6886.98902440607  2.333712E-17
6891.53902566344  2.325699E-17
6896.08902692081  2.316115E-17
6900.63902817817  2.430474E-17
6905.18902943554  2.401315E-17
6909.73903069291  2.401301E-17
6914.28903195028  2.492881E-17
6918.83903320765  2.495964E-17
6923.38903446502  2.735765E-17
6927.93903572239  2.551259E-17
6932.48903697975  2.911688E-17
6937.03903823712  2.584333E-17
6941.58903949449  2.629680E-17
6946.13904075186  2.621822E-17
6950.68904200923  2.446862E-17
6955.2390432666  2.375808E-17
6959.78904452397  2.517169E-17
6964.33904578133  2.587572E-17
6968.8890470387  2.217926E-17
6973.43904829607  2.307411E-17
6977.98904955344  2.317988E-17
6982.53905081081  2.518152E-17
6987.08905206818  2.752190E-17
6991.63905332555  2.505185E-17
6996.18905458291  2.283506E-17
7000.73905584028  2.104311E-17
7005.28905709765  2.309333E-17
7009.83905835502  2.446250E-17
7014.38905961239  2.692180E-17
7018.93906086976  2.557162E-17
7023.48906212713  2.595525E-17
7028.0390633845  2.588032E-17
7032.58906464186  2.522069E-17
7037.13906589923  2.587447E-17
7041.6890671566  2.354362E-17
7046.23906841397  2.681353E-17
7050.78906967134  2.610637E-17
7055.33907092871  2.475467E-17
7059.88907218607  2.951776E-17
7064.43907344344  2.397056E-17
7068.98907470081  2.035088E-17
7073.53907595818  2.633642E-17
7078.08907721555  2.596573E-17
7082.63907847292  2.452797E-17
7087.18907973029  2.677569E-17
7091.73908098765  2.588770E-17
7096.28908224502  2.677129E-17
7100.83908350239  3.013344E-17
7105.38908475976  2.694207E-17
7109.93908601713  2.713830E-17
7114.4890872745  2.794457E-17
7119.03908853187  2.643227E-17
7123.58908978924  2.829369E-17
7128.1390910466  2.710509E-17
7132.68909230397  2.508636E-17
7137.23909356134  2.548239E-17
7141.78909481871  2.545082E-17
7146.33909607608  2.500965E-17
7150.88909733345  2.237473E-17
7155.43909859082  2.646036E-17
7159.98909984818  2.754232E-17
7164.53910110555  2.286079E-17
7169.08910236292  2.203259E-17
7173.63910362029  2.426805E-17
7178.18910487766  2.604618E-17
7182.73910613503  2.339290E-17
7187.2891073924  2.330752E-17
7191.83910864976  2.181771E-17
7196.38910990713  1.962221E-17
7200.9391111645  2.466142E-17
7205.48911242187  2.834532E-17
7210.03911367924  2.550560E-17
7214.58911493661  2.350752E-17
7219.13911619398  2.722575E-17
7223.68911745134  2.994029E-17
7228.23911870871  3.004389E-17
7232.78911996608  3.175608E-17
7237.33912122345  2.742010E-17
7241.88912248082  2.507919E-17
7246.43912373819  2.906691E-17
7250.98912499556  2.698245E-17
7255.53912625293  2.735109E-17
7260.08912751029  2.783058E-17
7264.63912876766  2.891916E-17
7269.18913002503  2.874569E-17
7273.7391312824  2.347008E-17
7278.28913253977  3.170335E-17
7282.83913379714  2.716776E-17
7287.38913505451  3.096394E-17
7291.93913631187  2.853170E-17
7296.48913756924  2.967095E-17
7301.03913882661  2.900893E-17
7305.58914008398  3.071844E-17
7310.13914134135  3.221588E-17
7314.68914259872  2.816167E-17
7319.23914385608  3.319729E-17
7323.78914511345  3.414000E-17
7328.33914637082  3.331234E-17
7332.88914762819  3.411308E-17
7337.43914888556  3.850464E-17
7341.98915014293  3.468600E-17
7346.5391514003  3.323212E-17
7351.08915265767  3.102204E-17
7355.63915391503  2.941925E-17
7360.1891551724  3.196246E-17
7364.73915642977  3.812504E-17
7369.28915768714  3.528357E-17
7373.83915894451  3.482725E-17
7378.38916020188  3.686985E-17
7382.93916145925  3.195636E-17
7387.48916271661  3.413065E-17
7392.03916397398  3.512221E-17
7396.58916523135  3.373195E-17
7401.13916648872  3.660159E-17
7405.68916774609  3.913982E-17
7410.23916900346  3.795798E-17
7414.78917026083  3.426591E-17
7419.33917151819  3.669066E-17
7423.88917277556  3.683455E-17
7428.43917403293  3.262576E-17
7432.9891752903  3.859796E-17
7437.53917654767  3.610983E-17
7442.08917780504  3.251247E-17
7446.63917906241  3.343469E-17
7451.18918031978  3.307391E-17
7455.73918157714  3.578392E-17
7460.28918283451  3.442703E-17
7464.83918409188  3.165507E-17
7469.38918534925  3.450101E-17
7473.93918660662  3.387613E-17
7478.48918786399  3.648427E-17
7483.03918912135  3.308134E-17
7487.58919037872  3.438347E-17
7492.13919163609  3.088348E-17
7496.68919289346  2.890749E-17
7501.23919415083  3.108421E-17
7505.7891954082  3.150200E-17
7510.33919666557  3.278158E-17
7514.88919792294  3.253848E-17
7519.4391991803  3.528631E-17
7523.98920043767  3.398541E-17
7528.53920169504  3.077215E-17
7533.08920295241  3.412649E-17
7537.63920420978  3.226313E-17
7542.18920546715  3.023008E-17
7546.73920672451  3.105676E-17
7551.28920798188  3.275026E-17
7555.83920923925  3.388733E-17
7560.38921049662  3.017963E-17
7564.93921175399  3.008641E-17
7569.48921301136  3.312642E-17
7574.03921426873  3.487515E-17
7578.58921552609  3.060793E-17
7583.13921678346  2.946842E-17
7587.68921804083  2.812167E-17
7592.2392192982  1.984790E-17
7596.78922055557  1.436945E-17
7601.33922181294  1.326692E-17
7605.88922307031  1.413247E-17
7610.43922432768  1.486938E-17
7614.98922558504  1.303508E-17
7619.53922684241  1.681896E-17
7624.08922809978  1.876377E-17
7628.63922935715  1.598173E-17
7633.18923061452  1.131353E-17
7637.73923187189  1.268080E-17
7642.28923312926  1.604787E-17
7646.83923438662  1.279028E-17
7651.38923564399  1.855919E-17
7655.93923690136  1.919252E-17
7660.48923815873  2.117710E-17
7665.0392394161  1.966429E-17
7669.58924067347  1.908370E-17
7674.13924193084  1.876346E-17
7678.6892431882  1.804228E-17
7683.23924444557  1.555776E-17
7687.78924570294  1.675601E-17
7692.33924696031  1.687135E-17
7696.88924821768  1.859172E-17
7701.43924947505  1.520096E-17
7705.98925073242  8.659707E-18
7710.53925198978  1.098656E-17
7715.08925324715  1.938105E-17
7719.63925450452  1.950435E-17
7724.18925576189  1.572913E-17
7728.73925701926  1.642350E-17
7733.28925827663  2.028785E-17
7737.839259534  2.129375E-17
7742.38926079137  1.882209E-17
7746.93926204873  1.479311E-17
7751.4892633061  1.495144E-17
7756.03926456347  1.956138E-17
7760.58926582084  1.825967E-17
7765.13926707821  1.944202E-17
7769.68926833558  2.440759E-17
7774.23926959295  1.773058E-17
7778.78927085031  1.875824E-17
7783.33927210768  2.560332E-17
7787.88927336505  2.744780E-17
7792.43927462242  2.673639E-17
7796.98927587979  3.266172E-17
7801.53927713716  2.650395E-17
7806.08927839453  2.742391E-17
7810.63927965189  2.750181E-17
7815.18928090926  2.570552E-17
7819.73928216663  2.994164E-17
7824.289283424  2.787614E-17
7828.83928468137  2.956741E-17
7833.38928593874  3.275527E-17
7837.93928719611  3.060259E-17
7842.48928845347  2.895271E-17
7847.03928971084  2.173756E-17
7851.58929096821  2.273494E-17
7856.13929222558  3.190737E-17
7860.68929348295  3.495019E-17
7865.23929474032  3.437207E-17
7869.78929599769  3.621545E-17
7874.33929725505  3.859485E-17
7878.88929851242  3.624682E-17
7883.43929976979  3.763295E-17
7887.98930102716  3.484883E-17
7892.53930228453  3.473258E-17
7897.0893035419  3.150719E-17
7901.63930479927  3.031260E-17
7906.18930605664  3.009497E-17
7910.739307314  2.951147E-17
7915.28930857137  2.616510E-17
7919.83930982874  3.384213E-17
7924.38931108611  3.800343E-17
7928.93931234348  3.708368E-17
7933.48931360085  3.496640E-17
7938.03931485821  3.301283E-17
7942.58931611558  2.927430E-17
7947.13931737295  3.268260E-17
7951.68931863032  2.996231E-17
7956.23931988769  3.303193E-17
7960.78932114506  3.225055E-17
7965.33932240243  2.813443E-17
7969.8893236598  2.913633E-17
7974.43932491716  3.114791E-17
7978.98932617453  3.607306E-17
7983.5393274319  3.255719E-17
7988.08932868927  3.057945E-17
7992.63932994664  3.348022E-17
7997.18933120401  3.753291E-17
8001.73933246138  2.970443E-17
8006.28933371874  2.750907E-17
8010.83933497611  2.901227E-17
8015.38933623348  3.202624E-17
8019.93933749085  3.399486E-17
8024.48933874822  3.003466E-17
8029.03934000559  2.849445E-17
8033.58934126295  2.963707E-17
8038.13934252032  2.933878E-17
8042.68934377769  2.890919E-17
8047.23934503506  2.724209E-17
8051.78934629243  2.829615E-17
8056.3393475498  2.937467E-17
8060.88934880717  2.320404E-17
8065.43935006453  2.300017E-17
8069.98935132191  2.702249E-17
8074.53935257927  2.760598E-17
8079.08935383664  2.661909E-17
8083.63935509401  2.771346E-17
8088.18935635138  3.317565E-17
8092.73935760875  3.034937E-17
8097.28935886612  2.532219E-17
8101.83936012348  2.363382E-17
8106.38936138085  2.202079E-17
8110.93936263822  2.374435E-17
8115.48936389559  2.190982E-17
8120.03936515296  2.065859E-17
8124.58936641033  2.036612E-17
8129.1393676677  1.924496E-17
8133.68936892506  2.314370E-17
8138.23937018243  2.387139E-17
8142.7893714398  2.149614E-17
8147.33937269717  2.322959E-17
8151.88937395454  2.488850E-17
8156.43937521191  2.390708E-17
8160.98937646928  2.267595E-17
8165.53937772664  2.251583E-17
8170.08937898401  2.125142E-17
8174.63938024138  2.091828E-17
8179.18938149875  2.184054E-17
8183.73938275612  2.302436E-17
8188.28938401349  2.260689E-17
8192.83938527086  2.031043E-17
8197.38938652822  2.245715E-17
8201.93938778559  2.164117E-17
8206.48938904296  2.048197E-17
8211.03939030033  2.273179E-17
8215.5893915577  1.862811E-17
8220.13939281507  2.064414E-17
8224.68939407244  1.714967E-17
8229.2393953298  1.640359E-17
8233.78939658717  1.973824E-17
8238.33939784454  2.064681E-17
8242.88939910191  2.119863E-17
8247.43940035928  2.323381E-17
8251.98940161665  2.172265E-17
8256.53940287402  2.270525E-17
8261.08940413138  2.209980E-17
8265.63940538875  1.808576E-17
8270.18940664612  1.831524E-17
8274.73940790349  1.987076E-17
8279.28940916086  2.164265E-17
8283.83941041823  2.315396E-17
8288.3894116756  2.134654E-17
8292.93941293297  2.016106E-17
8297.48941419033  1.851958E-17
8302.0394154477  1.752186E-17
8306.58941670507  2.042902E-17
8311.13941796244  2.186420E-17
8315.68941921981  1.761422E-17
8320.23942047718  1.967567E-17
8324.78942173455  1.875374E-17
8329.33942299191  1.921041E-17
8333.88942424928  2.296021E-17
8338.43942550665  2.180765E-17
8342.98942676402  1.691421E-17
8347.53942802139  8.998864E-18
8352.08942927876  6.816867E-18
8356.63943053612  9.254481E-18
8361.18943179349  1.717107E-17
8365.73943305086  1.857954E-17
8370.28943430823  1.549978E-17
8374.8394355656  1.602895E-17
8379.38943682297  1.679207E-17
8383.93943808034  2.006223E-17
8388.48943933771  2.137698E-17
8393.03944059507  2.017921E-17
8397.58944185244  2.343901E-17
8402.13944310981  1.759753E-17
8406.68944436718  1.441379E-17
8411.23944562455  2.326381E-17
8415.78944688192  1.594093E-17
8420.33944813929  1.480862E-17
8424.88944939666  1.655688E-17
8429.43945065402  1.473014E-17
8433.98945191139  2.259490E-17
8438.53945316876  2.629222E-17
8443.08945442613  2.016610E-17
8447.6394556835  2.349591E-17
8452.18945694087  2.257477E-17
8456.73945819824  2.176751E-17
8461.2894594556  3.257298E-17
8465.83946071297  2.919109E-17
8470.38946197034  2.219407E-17
8474.93946322771  2.736604E-17
8479.48946448508  3.113456E-17
8484.03946574245  3.319845E-17
8488.58946699981  3.166582E-17
8493.13946825718  3.089436E-17
8497.68946951455  3.699356E-17
8502.23947077192  3.646462E-17
8506.78947202929  3.956117E-17
8511.33947328666  3.565229E-17
8515.88947454403  3.710650E-17
8520.4394758014  3.661999E-17
8524.98947705876  3.870601E-17
8529.53947831613  4.259697E-17
8534.0894795735  4.049845E-17
8538.63948083087  4.863343E-17
8543.18948208824  4.404081E-17
8547.73948334561  4.358484E-17
8552.28948460298  4.507252E-17
8556.83948586034  3.754945E-17
8561.38948711771  3.720658E-17
8565.93948837508  3.985543E-17
8570.48948963245  4.353289E-17
8575.03949088982  4.703936E-17
8579.58949214719  4.538004E-17
8584.13949340456  4.656143E-17
8588.68949466192  4.629200E-17
8593.23949591929  4.277408E-17
8597.78949717666  4.390139E-17
8602.33949843403  4.461729E-17
8606.8894996914  5.093166E-17
8611.43950094877  4.939927E-17
8615.98950220614  4.292461E-17
8620.5395034635  3.931872E-17
8625.08950472087  4.010294E-17
8629.63950597824  5.084765E-17
8634.18950723561  4.667900E-17
8638.73950849298  4.391098E-17
8643.28950975035  4.293530E-17
8647.83951100772  4.133153E-17
8652.38951226509  3.964535E-17
8656.93951352246  5.329159E-17
8661.48951477982  5.838920E-17
8666.03951603719  5.361329E-17
8670.58951729456  4.815793E-17
8675.13951855193  4.990661E-17
8679.6895198093  5.373900E-17
8684.23952106667  5.436920E-17
8688.78952232403  5.963295E-17
8693.3395235814  5.903994E-17
8697.88952483877  5.842475E-17
8702.43952609614  5.901767E-17
8706.98952735351  5.357918E-17
8711.53952861088  5.576585E-17
8716.08952986825  5.764383E-17
8720.63953112561  5.252460E-17
8725.18953238298  5.318145E-17
8729.73953364035  6.352015E-17
8734.28953489772  5.966306E-17
8738.83953615509  5.785854E-17
8743.38953741246  5.897755E-17
8747.93953866983  6.224761E-17
8752.48953992719  6.596241E-17
8757.03954118456  5.812925E-17
8761.58954244193  5.262711E-17
8766.1395436993  6.344860E-17
8770.68954495667  6.487666E-17
8775.23954621404  6.110760E-17
8779.78954747141  6.246442E-17
8784.33954872877  5.734391E-17
8788.88954998614  5.557832E-17
8793.43955124351  5.792262E-17
8797.98955250088  5.622962E-17
8802.53955375825  5.388658E-17
8807.08955501562  5.599649E-17
8811.63955627298  5.817967E-17
8816.18955753035  6.298291E-17
8820.73955878772  6.034145E-17
8825.28956004509  5.278161E-17
8829.83956130246  6.405317E-17
8834.38956255983  5.935645E-17
8838.9395638172  4.784021E-17
8843.48956507457  4.974109E-17
8848.03956633193  5.397605E-17
8852.5895675893  5.379381E-17
8857.13956884667  4.764220E-17
8861.68957010404  4.830096E-17
8866.23957136141  5.070447E-17
8870.78957261878  4.940636E-17
8875.33957387615  4.090754E-17
8879.88957513352  3.412858E-17
8884.43957639088  4.473043E-17
8888.98957764825  5.003653E-17
8893.53957890562  4.509705E-17
8898.08958016299  4.616116E-17
8902.63958142036  3.903138E-17
8907.18958267773  3.723837E-17
8911.73958393509  3.434335E-17
8916.28958519246  4.494610E-17
8920.83958644983  4.344410E-17
8925.3895877072  4.403652E-17
8929.93958896457  4.846004E-17
8934.48959022194  3.730495E-17
8939.03959147931  3.561576E-17
8943.58959273668  3.765307E-17
8948.13959399404  2.998833E-17
8952.68959525141  3.546974E-17
8957.23959650878  2.544634E-17
8961.78959776615  1.659672E-17
8966.33959902352  2.053802E-17
8970.88960028089  2.163201E-17
8975.43960153826  1.845215E-17
8979.98960279562  1.912554E-17
8984.53960405299  2.025223E-17
8989.08960531036  1.954808E-17
8993.63960656773  2.038108E-17
8998.1896078251  1.774451E-17
9002.73960908247  2.341469E-17
9007.28961033984  1.865751E-17
9011.83961159721  1.480169E-17
9016.38961285457  1.627538E-17
9020.93961411194  1.989643E-17
9025.48961536931  1.852069E-17
9030.03961662668  1.888575E-17
9034.58961788405  1.714399E-17
9039.13961914141  2.020945E-17
9043.68962039878  2.736645E-17
9048.23962165615  2.630371E-17
9052.78962291352  1.649527E-17
9057.33962417089  1.412512E-17
9061.88962542826  1.999424E-17
9066.43962668563  2.240382E-17
9070.989627943  1.950276E-17
9075.53962920036  2.016451E-17
9080.08963045773  2.430299E-17
9084.6396317151  2.181694E-17
9089.18963297247  1.953215E-17
9093.73963422984  2.091178E-17
9098.28963548721  2.086965E-17
9102.83963674458  2.684234E-17
9107.38963800194  2.317960E-17
9111.93963925931  1.928506E-17
9116.48964051668  2.226453E-17
9121.03964177405  2.758318E-17
9125.58964303142  2.146204E-17
9130.13964428879  2.299664E-17
9134.68964554616  1.913188E-17
9139.23964680352  2.044910E-17
9143.78964806089  2.684658E-17
9148.33964931826  3.224950E-17
9152.88965057563  2.262533E-17
9157.439651833  1.955701E-17
9161.98965309037  2.722373E-17
9166.53965434774  2.301048E-17
9171.08965560511  1.999798E-17
9175.63965686247  2.592923E-17
9180.18965811984  2.403365E-17
9184.73965937721  2.289801E-17
9189.28966063458  2.459270E-17
9193.83966189195  1.990680E-17
9198.38966314932  1.885600E-17
9202.93966440669  2.140889E-17
9207.48966566406  2.612590E-17
9212.03966692142  2.689416E-17
9216.58966817879  2.680865E-17
9221.13966943616  2.197346E-17
9225.68967069353  2.573845E-17
9230.2396719509  2.380790E-17
9234.78967320827  2.410951E-17
9239.33967446563  2.060844E-17
9243.889675723  2.468363E-17
9248.43967698037  2.055490E-17
9252.98967823774  2.364098E-17
9257.53967949511  2.914272E-17
9262.08968075248  2.784931E-17
9266.63968200985  2.086561E-17
9271.18968326721  1.873443E-17
9275.73968452458  2.489094E-17
9280.28968578195  2.428546E-17
9284.83968703932  1.998366E-17
9289.38968829669  2.172480E-17
9293.93968955406  2.297836E-17
9298.48969081143  2.645445E-17
9303.03969206879  1.820132E-17
9307.58969332616  3.073294E-19
9312.13969458353  1.104499E-17
9316.6896958409  1.634676E-17
9321.23969709827  1.269162E-17
9325.78969835564  1.393886E-17
9330.339699613  2.474073E-17
9334.88970087037  2.527930E-17
9339.43970212775  1.129638E-17
9343.98970338511  2.196987E-17
9348.53970464248  1.214776E-17
9353.08970589985  1.629234E-17
9357.63970715722  9.217218E-18
9362.18970841459  8.476950E-18
9366.73970967195  1.375143E-17
9371.28971092932  1.937580E-17
9375.83971218669  2.415147E-17
9380.38971344406  2.342268E-17
9384.93971470143  2.491261E-17
9389.4897159588  2.109247E-17
9394.03971721617  2.694863E-17
9398.58971847354  2.651443E-17
9403.1397197309  2.028639E-17
9407.68972098827  2.968640E-17
9412.23972224564  2.394675E-17
9416.78972350301  2.779691E-17
9421.33972476038  2.796146E-17
9425.88972601775  2.589326E-17
9430.43972727512  1.933206E-17
9434.98972853248  1.940652E-17
9439.53972978985  4.659086E-18
9444.08973104722  2.574155E-18
9448.63973230459  2.086392E-17
9453.18973356196  2.362789E-17
9457.73973481933  1.213463E-17
9462.28973607669  1.655758E-17
9466.83973733406  3.302094E-18
9471.38973859143  1.489084E-17
9475.9397398488  1.261932E-17
9480.48974110617  1.458611E-17
9485.03974236354  9.226744E-18
9489.58974362091  8.454869E-18
9494.13974487828  1.262834E-17
9498.68974613565  8.203948E-18
9503.23974739301  1.298436E-17
9507.78974865038  1.404725E-17
9512.33974990775  7.624196E-18
9516.88975116512  1.543405E-17
9521.43975242249  1.961044E-17
9525.98975367986  1.596993E-17
9530.53975493723  2.070164E-17
9535.08975619459  1.685717E-17
9539.63975745196  1.052924E-17
9544.18975870933  1.121857E-17
9548.7397599667  1.690740E-17
9553.28976122407  1.099915E-17
9557.83976248144  1.609243E-17
9562.3897637388  2.307361E-18
9566.93976499617  1.390900E-17
9571.48976625354  2.107834E-17
9576.03976751091  2.239353E-17
9580.58976876828  1.683418E-17
9585.13977002565  1.118460E-17
9589.68977128302  1.261329E-17
9594.23977254038  1.512770E-17
9598.78977379775  2.265585E-17
9603.33977505512  1.799767E-17
9607.88977631249  1.757405E-17
9612.43977756986  1.875708E-17
9616.98977882723  1.565671E-17
9621.5397800846  2.551009E-17
9626.08978134196  3.048526E-17
9630.63978259934  2.283544E-17
9635.1897838567  1.931940E-17
9639.73978511407  1.655192E-17
9644.28978637144  1.521668E-17
9648.83978762881  2.101596E-17
9653.38978888618  1.972963E-17
9657.93979014355  2.463684E-17
9662.48979140092  3.037038E-17
9667.03979265828  1.889342E-17
9671.58979391565  1.664915E-17
9676.13979517302  2.398329E-17
9680.68979643039  3.239120E-17
9685.23979768776  2.412485E-17
9689.78979894512  2.026750E-17
9694.33980020249  2.096578E-17
9698.88980145986  1.252019E-17
9703.43980271723  1.734904E-17
9707.9898039746  2.932390E-17
9712.53980523197  2.897675E-17
9717.08980648934  2.841801E-17
9721.63980774671  3.267288E-17
9726.18980900407  2.936315E-17
9730.73981026144  1.968796E-17
9735.28981151881  1.876751E-17
9739.83981277618  2.873868E-17
9744.38981403355  3.037677E-17
9748.93981529092  2.462655E-17
9753.48981654829  2.464494E-17
9758.03981780566  2.452716E-17
9762.58981906302  3.000699E-17
9767.13982032039  2.863598E-17
9771.68982157776  1.205070E-17
9776.23982283513  1.494154E-17
9780.7898240925  2.102323E-17
9785.33982534987  8.185308E-18
9789.88982660723  2.383057E-17
9794.4398278646  3.982146E-17
9798.98982912197  3.227902E-17
9803.53983037934  2.534101E-17
9808.08983163671  1.169000E-17
9812.63983289408  2.321288E-17
9817.18983415145  2.249304E-17
9821.73983540882  2.067941E-17
9826.28983666618  2.923471E-17
9830.83983792355  3.370583E-17
9835.38983918092  3.190633E-17
9839.93984043829  2.799903E-17
9844.48984169566  2.763996E-17
9849.03984295303  1.892596E-17
9853.5898442104  2.615645E-17
9858.13984546777  4.240139E-17
9862.68984672513  2.751134E-17
9867.2398479825  8.900905E-18
9871.78984923987  2.144994E-17
9876.33985049724  2.612436E-17
9880.88985175461  1.823093E-17
9885.43985301197  2.924354E-17
9889.98985426935  2.278737E-17
9894.53985552671  2.017139E-17
9899.08985678408  2.352725E-17
9903.63985804145  3.229447E-17
9908.18985929882  3.719685E-17
9912.73986055619  2.316721E-17
9917.28986181355  3.025169E-17
9921.83986307092  4.158902E-17
9926.38986432829  2.592017E-17
9930.93986558566  2.635218E-17
9935.48986684303  3.483286E-17
9940.0398681004  4.132630E-17
9944.58986935777  2.681404E-17
9949.13987061514  1.516632E-17
9953.6898718725  1.769462E-17
9958.23987312987  2.144090E-17
9962.78987438724  1.416510E-17
9967.33987564461  1.065670E-17
9971.88987690198  2.731511E-17
9976.43987815935  3.322283E-17
9980.98987941672  2.381616E-17
9985.53988067409  1.990679E-17
9990.08988193145  2.733771E-17
9994.63988318882  3.098734E-17
9999.18988444619  -2.758146E-18
10003.7398857036  -8.816655E-18